3.950000000000000000e+02
3.635000000000000000e+02
3.531500000000000341e+02
3.288350000000000364e+02
3.149515000000000668e+02
3.239563500000000431e+02
2.940607150000000729e+02
2.891546435000000770e+02
2.707391791500000977e+02
2.506652612350000879e+02
2.410987351115000763e+02
2.249888616003500772e+02
2.099899754403150780e+02
1.969909778962835674e+02
2.257918801066552135e+02
2.212126920959896950e+02
2.100914228863907169e+02
1.970822805977516623e+02
1.833740525379764961e+02
1.740366472841788550e+02
1.701329825557609752e+02
1.791196843001848720e+02
1.712077158701663961e+02
1.645869442831497622e+02
1.891282498548347917e+02
2.162154248693513239e+02
2.040938823824161830e+02
1.941844941441745789e+02
1.872660447297571125e+02
1.910394402567814041e+02
1.934354962311032580e+02
1.815919466079929236e+02
1.844327519471936228e+02
1.789894767524742747e+02
1.805905290772268472e+02
1.780314761695041739e+02
1.637283285525537622e+02
1.553554956972983803e+02
1.443199461275685564e+02
1.508879515148117036e+02
1.652991563633305248e+02
1.597692407269974808e+02
1.552923166542977356e+02
1.832630849888679734e+02
2.039367764899811846e+02
1.935430988409830775e+02
1.861887889568847640e+02
1.805699100611962820e+02
1.765129190550766509e+02
1.783616271495689887e+02
1.685254644346121040e+02
1.596729179911509107e+02
1.587056261920358224e+02
1.638350635728322402e+02
1.734515572155490304e+02
1.836064014939941273e+02
1.667457613445947118e+02
1.635711852101352406e+02
1.502140666891217222e+02
1.761926600202095585e+02
1.890733940181885941e+02
1.856660546163697347e+02
1.925994491547327527e+02
1.748395042392594689e+02
1.908555538153335362e+02
1.962699984338001968e+02
1.931429985904201772e+02
1.878286987313781538e+02
1.710458288582403554e+02
1.604412459724163114e+02
1.653971213751746916e+02
1.748574092376572366e+02
1.638716683138915187e+02
1.629845014825023668e+02
1.571860513342521415e+02
1.609674462008269415e+02
1.618707015807442531e+02
1.521836314226698335e+02
1.494652682804028530e+02
1.410187414523625762e+02
1.514168673071263242e+02
1.537751805764137032e+02
1.433976625187723357e+02
1.605578962668951135e+02
1.500021066402055965e+02
1.410018959761850397e+02
1.404017063785665300e+02
1.328615357407098827e+02
1.230753821666389030e+02
1.627678439499750311e+02
1.849910595549775394e+02
1.764919535994797855e+02
1.813427582395318041e+02
1.957084824155786293e+02
2.131376341740207749e+02
2.018238707566187031e+02
1.926414836809568385e+02
1.763773353128611632e+02
1.712396017815750611e+02
1.571156416034175720e+02
1.489040774430758063e+02
1.645136696987682399e+02
1.615623027288914102e+02
1.574060724560022777e+02
1.531654652104020613e+02
1.448489186893618523e+02
1.793640268204256643e+02
1.749276241383830950e+02
1.849348617245447883e+02
1.779413755520903067e+02
1.781472379968812731e+02
1.803325141971931487e+02
1.682992627774738423e+02
1.659693364997264666e+02
1.578724028497538256e+02
1.555851625647784431e+02
1.540266463083005988e+02
1.616239816774705389e+02
1.519615835097234822e+02
1.477654251587511283e+02
1.389888826428760069e+02
1.260899943785884147e+02
1.164809949407295733e+02
1.098328954466566216e+02
1.108496059019909552e+02
1.072646453117918668e+02
1.070381807806126773e+02
1.453343627025514024e+02
1.528009264322962792e+02
1.530208337890666428e+02
1.487187504101599700e+02
1.448468753691439872e+02
1.788621878322295800e+02
1.749759690490066362e+02
1.779783721441059754e+02
1.641805349296953693e+02
2.052624814367258352e+02
1.982362332930532602e+02
2.009126099637479399e+02
1.943213489673731544e+02
1.813892140706358305e+02
1.837502926635722531e+02
1.793752633972150363e+02
1.829377370574935355e+02
2.061439633517441905e+02
1.900295670165697857e+02
1.765266103149128014e+02
1.718739492834215241e+02
1.591865543550793802e+02
1.502678989195714507e+02
1.437411090276143000e+02
1.368669981248528700e+02
1.586802983123675972e+02
1.513122684811308432e+02
1.461810416330177702e+02
1.515629374697159903e+02
1.734066437227444055e+02
1.780659793504699735e+02
1.697593814154229790e+02
1.652834432738806925e+02
1.712550989464926374e+02
1.636295890518433680e+02
1.607666301466590255e+02
1.576899671319931144e+02
1.479209704187938144e+02
1.461288733769144415e+02
1.400159860392230087e+02
1.325143874353007050e+02
1.342629486917706458e+02
1.408366538225935756e+02
1.317529884403342066e+02
1.565776895963007860e+02
1.624199206366707244e+02
1.541779285730036690e+02
1.427601357157033135e+02
1.329841221441329822e+02
1.706857099297196783e+02
1.651171389367477218e+02
1.841054250430729553e+02
1.671948825387656541e+02
1.694753942848890915e+02
1.775278548564001824e+02
1.687750693707601783e+02
1.658975624336841577e+02
1.748078061903157447e+02
1.698270255712841674e+02
1.698443230141557478e+02
1.578598907127401674e+02
1.650739016414661648e+02
1.765665114773195512e+02
1.759098603295875876e+02
1.658188742966288203e+02
1.582369868669659354e+02
1.524132881802693475e+02
1.566719593622424043e+02
1.490047634260181724e+02
1.426042870834163523e+02
1.378438583750747171e+02
1.410594725375672454e+02
1.354535252838105066e+02
1.509081727554294616e+02
1.443173554798865155e+02
1.663856199318978781e+02
1.637470579387080818e+02
1.803723521448372651e+02
1.688351169303535357e+02
1.604516052373181765e+02
1.509064447135863531e+02
1.643158002422277093e+02
1.763842202180049412e+02
1.642457981962044471e+02
1.733212183765839995e+02
1.699890965389255939e+02
1.834901868850330402e+02
1.736411681965297475e+02
1.667770513768767842e+02
1.695993462391891171e+02
1.666394116152702054e+02
1.579754704537431849e+02
1.611779234083688834e+02
1.510601310675320121e+02
1.679541179607788024e+02
1.621587061647009307e+02
1.504428355482308461e+02
1.638985519934077786e+02
1.715086967940669922e+02
1.618578271146602958e+02
1.651720444031942634e+02
1.511548399628748314e+02
1.390393559665873511e+02
1.266354203699286245e+02
1.444718783329357734e+02
1.460246904996421904e+02
1.454222214496779770e+02
1.408799993047101964e+02
1.382919993742391966e+02
1.589627994368152599e+02
1.485665194931337396e+02
1.527098675438203657e+02
1.614388807894383433e+02
1.747949927104945118e+02
1.698154934394450777e+02
1.658339440955005841e+02
1.727505496859505172e+02
1.794754947173554740e+02
1.955279452456199181e+02
1.864751507210579291e+02
2.118276356489521390e+02
1.956448720840569422e+02
1.795803848756512480e+02
1.631223463880861289e+02
1.693101117492775245e+02
1.998791005743497635e+02
1.993911905169148042e+02
2.164520714652233266e+02
2.148068643187010025e+02
2.093261778868309193e+02
2.088935600981478444e+02
2.055042040883330685e+02
1.909537836794997645e+02
1.843584053115498023e+02
2.129225647803948220e+02
2.226303083023553313e+02
2.248672774721198095e+02
2.273805497249078371e+02
2.186424947524170648e+02
2.442782452771753583e+02
2.453504207494578395e+02
2.308153786745120613e+02
2.127338408070608580e+02
2.179604567263547779e+02
2.196644110537193058e+02
2.011979699483473780e+02
1.985781729535126487e+02
2.312203556581613952e+02
2.105983200923452614e+02
2.280384880831107353e+02
2.127346392747996617e+02
2.009611753473197098e+02
1.893650578125877360e+02
1.714285520313289624e+02
1.867856968281960803e+02
1.746071271453764666e+02
1.811464144308388313e+02
1.855317729877549482e+02
1.794785956889794534e+02
1.895307361200815137e+02
2.005776625080733595e+02
2.115198962572660264e+02
2.058679066315394266e+02
2.032811159683854783e+02
1.899530043715469390e+02
2.084577039343922422e+02
1.961119335409530322e+02
1.925007401868577404e+02
1.867506661681719606e+02
1.975755995513547703e+02
1.818180395962193074e+02
1.741362356365973767e+02
1.797226120729376362e+02
1.817503508656438669e+02
1.810753157790794887e+02
1.954677842011715541e+02
1.764210057810543901e+02
1.702789052029489483e+02
1.727510146826540449e+02
1.979759132143886404e+02
1.891783218929497821e+02
1.777604897036547982e+02
1.709844407332893184e+02
1.868859966599603979e+02
1.876973969939643609e+02
1.809276572945679220e+02
1.758348915651111213e+02
1.777514024086000006e+02
1.809762621677400034e+02
1.788786359509660144e+02
1.974907723558694101e+02
1.872416951202824862e+02
1.795175256082542319e+02
1.890657730474288201e+02
2.106591957426859381e+02
1.935932761684173613e+02
1.817339485515756223e+02
1.750605536964180544e+02
2.100544983267762404e+02
2.045490484940986278e+02
1.870941436446887565e+02
1.768847292802198865e+02
1.781962563521979064e+02
1.838766307169781271e+02
1.859889676452803258e+02
1.788900708807522903e+02
1.665010637926770585e+02
1.678509574134093612e+02
1.750658616720684222e+02
1.760592755048615743e+02
2.039533479543754311e+02
2.175580131589378823e+02
2.128022118430440912e+02
2.065219906587396963e+02
1.938697915928657380e+02
2.059828124335791699e+02
2.113845311902212529e+02
2.242460780711991220e+02
2.288214702640792098e+02
2.294393232376712888e+02
2.679953909139042025e+02
2.471958518225137880e+02
2.634762666402624518e+02
2.501286399762362009e+02
2.631157759786125894e+02
2.468041983807513304e+02
2.391237785426762059e+02
2.192114006884085882e+02
2.137902606195677322e+02
1.974112345576109533e+02
1.921701111018498693e+02
1.769530999916648852e+02
1.697577899924984024e+02
1.782820109932485764e+02
1.789538098939237329e+02
1.940584289045313540e+02
1.856525860140782243e+02
2.000873274126704189e+02
1.865785946714033798e+02
1.889207352042630532e+02
1.770286616838367593e+02
1.873257955154530805e+02
1.900932159639077668e+02
1.750838943675169901e+02
1.690755049307653053e+02
1.656679544376887918e+02
1.636011589939199098e+02
2.122410430945279245e+02
2.220169387850751264e+02
2.023152449065676137e+02
2.015837204159108467e+02
1.904253483743197535e+02
1.778828135368877952e+02
1.695945321831990213e+02
1.596350789648791135e+02
1.511715710683912164e+02
1.570544139615520862e+02
1.763489725653968776e+02
1.707140753088571898e+02
1.721426677779714680e+02
1.764284010001743184e+02
1.707855609001568951e+02
1.642070048101411999e+02
1.572863043291270913e+02
1.710576738962143963e+02
1.639519065065929624e+02
1.615567158559336747e+02
1.564010442703403214e+02
1.877609398433062893e+02
1.814848458589756603e+02
1.818363612730780972e+02
1.881527251457702903e+02
1.933374526311932584e+02
2.065037073680739468e+02
2.288533366312665578e+02
2.184680029681398992e+02
2.001212026713259036e+02
2.046090824041933161e+02
2.041481741637740015e+02
2.292333567473966127e+02
2.238100210726569514e+02
2.454290189653912648e+02
2.268861170688521440e+02
2.221975053619669325e+02
2.084777548257702335e+02
2.026299793431932130e+02
2.103669814088738974e+02
2.083302832679865162e+02
2.019972549411878617e+02
2.082975294470690812e+02
1.974677765023621703e+02
1.987209988521259447e+02
2.118488989669133673e+02
1.991640090702220220e+02
1.872476081631998284e+02
1.930228473468798427e+02
1.802205626121918556e+02
1.866985063509726785e+02
1.970286557158754022e+02
1.853257901442878790e+02
2.037932111298590883e+02
1.924138900168731823e+02
1.831725010151858726e+02
1.688552509136672768e+02
1.724697258223005463e+02
1.712227532400704888e+02
1.596004779160634541e+02
1.536404301244571116e+02
1.437763871120114061e+02
1.428987484008102626e+02
1.691088735607292506e+02
1.736979862046563312e+02
1.793281875841907151e+02
1.813953688257716408e+02
1.862558319431944938e+02
1.786302487488750614e+02
1.732672238739875468e+02
1.699405014865888006e+02
1.944464513379299149e+02
1.910018062041369262e+02
2.139016255837232450e+02
2.075114630253509347e+02
2.037603167228158441e+02
2.118842850505342597e+02
2.431958565454808365e+02
2.538762708909327444e+02
2.349886438018394870e+02
2.259897794216555553e+02
2.253908014794899941e+02
2.108517213315410004e+02
2.152665491983869117e+02
2.427398942785482348e+02
2.479659048506934198e+02
2.701693143656240750e+02
2.551523829290616732e+02
2.636371446361555400e+02
2.592734301725399746e+02
2.473460871552859714e+02
2.401114784397573771e+02
2.706003305957816565e+02
2.790402975362035249e+02
2.616362677825832179e+02
2.639726410043249416e+02
2.540753769038924474e+02
2.696678392135032141e+02
2.697010552921528870e+02
2.707309497629375983e+02
2.571578547866438385e+02
2.389420693079794660e+02
2.250478623771815307e+02
2.175430761394633805e+02
2.397887685255170425e+02
2.308098916729653354e+02
2.197289025056687990e+02
2.327560122551019219e+02
2.229804110295917212e+02
2.566823699266325320e+02
2.870141329339692788e+02
3.098127196405723680e+02
3.053314476765151539e+02
2.982983029088636613e+02
2.924684726179772838e+02
2.692216253561795725e+02
2.497994628205616152e+02
2.368195165385054679e+02
2.301375648846549211e+02
2.176238083961894461e+02
2.083614275565705043e+02
2.035252848009134539e+02
1.986727563208221170e+02
1.983054806887399195e+02
1.849749326198659389e+02
2.099774393578793479e+02
1.944796954220914245e+02
1.980317258798822877e+02
2.087285532918940589e+02
2.318556979627046530e+02
2.151701281664341820e+02
2.061531153497907667e+02
2.035378038148116957e+02
2.261840234333305375e+02
2.335656210899974781e+02
2.192090589809977246e+02
2.142881530828979635e+02
2.188593377746081785e+02
2.129734039971473578e+02
2.336760635974326306e+02
2.553084572376893675e+02
2.467776115139204478e+02
2.385998503625284002e+02
2.317398653262755772e+02
2.300658787936480110e+02
2.175592909142832241e+02
2.533033618228548960e+02
2.524730256405694035e+02
2.557257230765124802e+02
2.411531507688612237e+02
2.295378356919751184e+02
2.115840521227776208e+02
2.294256469104998644e+02
2.209830822194498694e+02
2.463847739975048796e+02
2.407462965977543945e+02
2.401716669379789550e+02
2.351545002441810652e+02
2.261390502197629644e+02
2.145251451977866850e+02
2.585726306780080108e+02
2.517153676102072097e+02
2.485438308491864916e+02
2.266894477642678396e+02
2.205205029878410699e+02
2.164684526890569600e+02
2.123216074201512811e+02
2.340894466781361700e+02
2.216805020103225559e+02
2.235124518092902974e+02
2.201612066283612705e+02
1.991450859655251406e+02
1.982305773689726323e+02
1.834075196320753776e+02
2.010667676688678398e+02
2.004600909019810615e+02
2.144140818117829497e+02
2.149726736306046462e+02
2.094754062675441730e+02
2.110278656407897699e+02
2.249250790767108015e+02
2.284325711690397327e+02
2.405893140521357623e+02
2.470303826469221917e+02
2.373273443822299669e+02
2.595946099440069474e+02
2.976351489496062186e+02
2.723716340546455967e+02
2.521344706491810541e+02
2.589210235842629118e+02
2.520289212258366263e+02
2.398260291032529778e+02
2.363434261929276943e+02
2.452090835736349277e+02
2.356881752162714463e+02
2.261193576946442931e+02
2.595074219251798695e+02
2.635566797326619053e+02
2.607010117593957261e+02
2.591309105834561706e+02
2.522178195251105706e+02
2.504960375725995050e+02
2.454464338153395602e+02
2.679017904338056155e+02
2.546116113904250540e+02
2.491504502513825514e+02
2.722354052262443247e+02
2.610118647036198922e+02
2.489106782332578973e+02
2.420196104099321133e+02
2.353176493689389019e+02
2.387858844320450089e+02
2.374072959888405023e+02
2.261665663899564436e+02
2.200499097509608077e+02
2.270449187758647440e+02
2.283404268982782810e+02
2.230063842084504699e+02
2.322057457876054229e+02
2.239851712088448892e+02
2.455866540879603974e+02
2.600279886791643662e+02
2.630251898112479694e+02
2.592226708301232065e+02
2.483004037471108916e+02
2.309703633723998166e+02
2.103733270351598321e+02
2.148359943316438603e+02
1.998523948984794743e+02
1.958671554086315325e+02
1.982804398677683935e+02
1.924523958809915598e+02
2.402071562928924209e+02
2.326864406636031788e+02
2.244177965972428694e+02
2.139760169375185797e+02
2.110784152437667274e+02
2.114705737193900461e+02
1.988235163474510330e+02
1.899411647127059268e+02
2.004470482414353398e+02
2.459023434172918030e+02
2.498121090755626312e+02
2.493308981680063710e+02
2.508978083512057253e+02
2.553080275160851613e+02
2.422772247644766423e+02
2.510495022880289753e+02
2.679445520592261119e+02
2.471500968533034950e+02
2.319350871679731370e+02
2.302415784511758261e+02
2.257174206060582549e+02
2.151456785454524265e+02
2.221311106909071782e+02
2.279179996218164774e+02
2.156261996596348354e+02
2.165635796936713575e+02
1.984072217243042360e+02
2.050664995518738181e+02
1.980598495966864334e+02
2.137538646370177844e+02
2.113784781733160116e+02
2.162406303559844218e+02
2.066165673203859967e+02
2.454549105883473885e+02
2.384094195295126610e+02
2.480684775765614063e+02
2.507616298189052770e+02
2.621854668370147579e+02
2.764669201533132536e+02
3.063202281379819283e+02
3.136882053241837411e+02
3.138193847917654011e+02
3.299374463125888610e+02
3.184437016813299692e+02
3.050993315131970007e+02
2.990893983618773291e+02
2.791804585256896303e+02
2.682624126731207070e+02
2.944361714058086363e+02
2.894925542652277954e+02
2.825432988387050273e+02
2.847889689548345586e+02
2.738100720593511141e+02
2.604290648534159800e+02
2.453861583680743763e+02
2.398475425312669529e+02
2.363627882781402718e+02
2.292265094503262617e+02
2.323038585052936469e+02
2.450734726547642879e+02
2.535661253892878619e+02
2.422095128503590900e+02
2.514885615653231810e+02
2.468397054087908771e+02
2.381557348679118036e+02
2.563401613811206516e+02
2.627061452430085637e+02
2.679355307187076960e+02
2.661419776468369491e+02
2.700277798821532542e+02
2.565250018939379402e+02
2.513725017045441632e+02
2.522352515340897412e+02
2.425117263806807841e+02
2.362605537426127000e+02
2.196344983683514442e+02
2.241710485315163055e+02
2.147539436783646920e+02
2.002785493105282342e+02
1.812506943794754193e+02
1.886256249415278887e+02
2.287630624473750913e+02
2.518867562026375992e+02
2.431980805823738478e+02
2.858782725241364915e+02
2.922904452717228310e+02
2.845614007445505536e+02
2.686052606700955039e+02
2.907447346030859308e+02
2.916702611427773491e+02
2.900032350284996028e+02
2.740029115256496652e+02
2.676026203730847328e+02
2.563423583357762254e+02
2.452081225021986199e+02
2.401873102519787722e+02
2.206685792267809063e+02
2.276017213041028242e+02
2.338415491736925560e+02
2.314573942563233118e+02
2.273116548306909976e+02
2.390804893476218922e+02
2.256724404128597143e+02
2.356051963715737543e+02
2.260446767344163845e+02
2.424402090609747518e+02
2.431961881548772908e+02
2.248765693393895617e+02
2.238889124054506112e+02
2.180000211649055473e+02
2.032000190484149869e+02
2.243800171435734967e+02
2.114420154292161556e+02
2.137978138862945343e+02
2.059180324976650809e+02
2.093262292478985671e+02
2.013936063231087132e+02
2.177542456907978590e+02
2.569788211217180560e+02
2.812809390095462732e+02
2.591528451085916913e+02
2.427375605977325392e+02
2.359638045379592768e+02
2.163674240841633605e+02
2.367306816757470358e+02
2.275576135081723237e+02
2.328018521573550856e+02
2.240216669416195714e+02
2.141195002474576086e+02
2.207075502227118591e+02
2.366367952004406732e+02
2.544731156803966030e+02
2.505258041123569512e+02
2.314732237011212703e+02
2.778259013310091632e+02
2.800433111979082241e+02
2.600389800781174472e+02
2.515350820703057195e+02
2.533815738632751504e+02
2.485434164769476411e+02
2.481890748292528883e+02
2.278701673463276052e+02
2.130831506116948617e+02
2.112748355505253812e+02
2.116473519954728602e+02
2.044826167959255656e+02
2.200343551163330176e+02
2.170309196046997329e+02
2.353278276442297567e+02
2.302950448798067953e+02
2.197655403918261072e+02
2.112889863526434908e+02
2.041600877173791559e+02
2.242440789456412347e+02
2.158196710510771084e+02
2.167377039459694004e+02
2.210639335513724575e+02
2.124575401962352146e+02
2.097117861766116960e+02
2.087406075589505292e+02
2.108665468030554848e+02
2.312798921227499420e+02
2.246519029104749450e+02
2.311867126194274533e+02
2.165680413574847023e+02
2.209112372217362292e+02
2.108201134995626091e+02
2.092381021496063624e+02
2.043142919346457234e+02
2.093828627411811567e+02
2.094445764670630581e+02
2.260001188203567608e+02
2.199001069383211018e+02
2.144100962444889831e+02
2.209690866200400876e+02
2.178721779580360760e+02
2.125849601622324769e+02
2.368264641460092434e+02
2.376438177314083191e+02
2.348794359582674929e+02
2.343914923624407436e+02
2.339523431261966664e+02
2.395571088135770026e+02
2.431013979322192995e+02
2.547912581389973639e+02
2.543121323250976218e+02
2.758809190925878738e+02
2.762928271833291092e+02
2.651635444649962210e+02
2.531471900184966159e+02
2.398324710166469629e+02
2.463492239149822751e+02
2.372143015234840391e+02
2.349928713711356352e+02
2.264935842340220802e+02
2.123442258106198892e+02
2.246098032295579117e+02
2.406488229066021347e+02
2.380839406159419127e+02
2.307755465543477271e+02
2.166979918989129601e+02
2.195281927090216811e+02
2.030753734381195272e+02
1.922678360943075688e+02
1.880410524848768148e+02
1.887369472363891418e+02
1.843632525127502220e+02
1.844269272614752140e+02
1.834842345353276869e+02
2.131358110817949125e+02
1.973222299736154355e+02
2.070900069762539033e+02
2.008810062786285187e+02
2.262929056507656753e+02
2.421636150856891163e+02
2.449472535771202217e+02
2.289525282194082081e+02
2.240572753974673788e+02
2.211515478577206579e+02
2.065363930719485950e+02
2.028827537647537440e+02
1.895944783882783611e+02
1.886350305494505335e+02
1.882715274945054773e+02
1.839443747450549438e+02
1.905499372705494636e+02
2.059949435434945144e+02
2.048954491891450687e+02
2.014059042702305646e+02
2.137653138432075082e+02
2.048887824588867659e+02
1.898999042129980808e+02
1.829099137916982727e+02
1.896189224125284625e+02
1.891570301712756077e+02
2.152413271541480526e+02
2.202171944387332587e+02
2.251954749948599499e+02
2.376759274953739691e+02
2.419083347458365836e+02
2.342175012712529281e+02
2.312957511441276495e+02
2.271661760297148760e+02
2.234495584267433799e+02
2.196046025840690561e+02
2.161441423256621590e+02
2.130297280930959403e+02
2.127267552837863605e+02
2.349540797554077187e+02
2.524586717798669611e+02
2.767128046018802934e+02
2.770415241416922640e+02
2.878373717275230774e+02
2.860536345547707811e+02
2.629482710992937200e+02
2.526534439893643480e+02
2.388880995904279132e+02
2.384992896313851247e+02
2.326493606682466293e+02
2.308844246014219834e+02
2.327959821412797794e+02
2.310163839271517929e+02
2.399147455344366051e+02
2.589232709809929247e+02
2.630309438828936663e+02
2.607278494946042997e+02
2.796550645451438868e+02
3.341895580906294754e+02
3.382706022815665392e+02
3.549435420534098853e+02
3.444491878480689024e+02
3.150042690632620292e+02
3.105038421569358320e+02
2.954534579412422772e+02
2.909081121471180609e+02
2.768173009324062832e+02
2.616355708391656663e+02
2.629720137552491224e+02
2.641748123797242442e+02
2.547573311417518198e+02
2.542815980275766492e+02
2.518534382248190013e+02
2.671680944023371467e+02
2.469512849621034434e+02
2.467561564658930990e+02
2.435805408193037920e+02
2.247224867373734298e+02
2.287502380636360897e+02
2.388752142572724892e+02
2.269876928315452460e+02
2.207889235483907271e+02
2.247100311935516572e+02
2.137390280741964830e+02
2.228651252667768290e+02
2.285786127400991461e+02
2.262207514660892400e+02
2.290986763194803189e+02
2.276888086875322870e+02
2.614199278187790583e+02
2.567779350369011695e+02
2.576001415332110582e+02
2.808401273798899638e+02
2.712561146419009788e+02
2.681305031777109207e+02
2.838174528599398627e+02
2.854357075739458764e+02
2.593921368165512717e+02
2.559529231348961389e+02
2.598576308214065307e+02
2.588718677392658947e+02
2.529846809653393223e+02
2.521862128688053986e+02
2.744675915819248644e+02
2.740208324237323723e+02
2.786187491813591350e+02
2.967568742632232670e+02
2.980811868369009403e+02
2.877730681532108292e+02
3.049957613378897463e+02
3.049961852041007546e+02
2.924965666836906735e+02
2.677469100153215891e+02
2.794722190137894131e+02
2.910249971124104604e+02
2.764224974011694371e+02
2.682802476610524991e+02
2.919522228949472265e+02
3.032570006054525038e+02
2.864313005449072875e+02
3.117881704904165758e+02
3.001093534413749353e+02
2.975984180972374702e+02
3.433385762875137175e+02
3.270047186587623287e+02
3.103042467928860901e+02
3.112738221135974754e+02
3.366464399022377165e+02
3.354817959120139790e+02
3.309336163208125754e+02
3.388402546887313065e+02
3.189562292198581872e+02
3.165606062978723685e+02
3.354045456680851203e+02
3.383640911012766423e+02
3.275276819911489952e+02
3.157749137920341127e+02
3.046974224128306901e+02
3.142276801715476040e+02
3.123049121543928663e+02
3.115744209389536081e+02
3.164169788450582814e+02
3.057752809605524362e+02
2.961977528644972040e+02
2.845779775780474665e+02
3.041201798202427540e+02
3.012081618382184729e+02
2.995873456543966427e+02
3.176286110889569727e+02
3.568657499800613095e+02
3.431791749820552013e+02
3.228612574838496698e+02
3.335751317354647085e+02
3.447176185619182434e+02
3.237458567057264531e+02
3.098712710351538249e+02
3.263841439316384481e+02
3.422457295384746203e+02
3.260211565846271924e+02
3.179190409261644845e+02
3.186271368335480361e+02
3.102644231501932381e+02
3.012379808351739143e+02
2.861141827516565286e+02
2.660027644764908814e+02
2.884024880288417876e+02
2.835622392259576259e+02
2.827060153033618803e+02
2.749354137730256866e+02
2.714418723957231236e+02
2.637976851561508056e+02
2.594179166405357364e+02
2.714761249764821969e+02
2.878285124788339999e+02
2.815456612309505999e+02
3.263910951078555627e+02
3.087519855970700178e+02
2.918767870373630444e+02
2.751891083336267343e+02
2.596701975002640665e+02
2.632031777502376713e+02
2.428828599752139041e+02
2.370945739776925052e+02
2.848851165799232490e+02
2.723966049219309298e+02
2.571569444297378482e+02
2.579412499867640918e+02
2.481471249880876826e+02
2.493324124892789087e+02
2.373991712403510235e+02
2.256592541163159353e+02
2.245933287046843532e+02
2.441339958342159093e+02
2.492205962507943298e+02
2.397985366257148883e+02
2.438186829631434023e+02
2.629368146668290365e+02
2.566431332001461669e+02
2.589788198801315957e+02
2.695809378921184134e+02
2.651228441029065834e+02
2.906105596926159365e+02
3.125495037233543485e+02
3.077945533510189193e+02
2.985150980159170331e+02
2.936635882143253298e+02
2.887972293928928025e+02
2.779175064536035507e+02
2.681257558082431842e+02
2.638131802274189113e+02
2.854318622046770315e+02
2.808886759842093284e+02
3.097998083857884239e+02
3.233198275472095702e+02
3.439878447924886018e+02
3.190890603132397700e+02
3.266801542819158044e+02
3.155121388537242524e+02
3.434609249683518328e+02
3.326148324715166495e+02
3.218533492243649903e+02
3.206680143019285083e+02
3.166012128717356404e+02
3.474410915845620593e+02
3.661969824261058761e+02
3.540772841834952942e+02
3.681695557651457875e+02
3.488526001886312429e+02
3.314673401697681356e+02
3.398206061527913562e+02
3.173385455375122319e+02
3.181046909837610315e+02
3.407942218853849567e+02
3.292147996968464554e+02
3.157933197271618155e+02
3.477139877544456681e+02
3.369425889790011297e+02
3.252483300811010167e+02
3.217234970729909378e+02
3.070511473656918611e+02
3.028460326291227034e+02
2.875614293662104615e+02
2.783052864295894437e+02
2.779747577866305051e+02
2.626772820079674489e+02
2.509095538071707097e+02
2.538185984264536330e+02
2.514367385838082782e+02
2.662930647254274845e+02
2.676637582528847474e+02
2.478973824275962841e+02
2.436076441848366585e+02
2.482468797663530040e+02
2.454221917897177150e+02
2.373799726107459378e+02
2.411419753496713554e+02
2.400277778147042227e+02
2.450250000332337947e+02
2.355225000299104181e+02
2.614702500269194161e+02
2.553232250242274688e+02
2.937909025218046963e+02
2.869118122696242494e+02
2.882206310426618074e+02
2.823985679383956153e+02
2.656587111445560367e+02
2.770928400301004331e+02
2.808835560270904352e+02
2.662952004243813917e+02
2.566656803819432753e+02
2.484991123437489478e+02
2.481492011093740473e+02
2.563342809984366113e+02
2.642008528985929843e+02
2.867807676087336972e+02
2.766026908478603445e+02
2.879424217630743215e+02
2.716481795867669007e+02
2.669833616280902220e+02
2.817850254652811941e+02
3.091065229187530576e+02
3.056958706268777632e+02
2.976262835641899756e+02
2.923636552077709894e+02
2.961272896869938904e+02
2.820145607182944900e+02
2.833131046464650353e+02
2.824817941818185432e+02
2.802336147636366945e+02
3.152102532872730194e+02
3.181892279585457004e+02
3.058703051626911247e+02
3.132832746464220008e+02
3.049549471817798008e+02
2.934594524636018491e+02
3.096135072172416471e+02
2.971521564955174881e+02
2.804369408459657507e+02
2.643932467613691415e+02
2.749539220852321932e+02
2.724585298767090080e+02
2.602126768890381072e+02
2.536914092001343022e+02
2.528222682801208805e+02
2.515400414521087953e+02
2.743860373068979470e+02
3.034474335762081409e+02
2.806026902185873269e+02
2.675424211967285828e+02
2.657881790770557018e+02
2.567093611693501316e+02
2.805384250524151639e+02
2.629845825471736589e+02
2.906861242924562703e+02
3.146175118632106660e+02
3.001557606768895994e+02
2.921401846092006735e+02
2.759261661482806289e+02
2.713335495334525831e+02
2.622001945801073362e+02
2.374801751220965969e+02
2.677321576098869400e+02
2.819589418488982346e+02
3.192630476640084112e+02
2.963367428976075644e+02
2.817030686078468307e+02
2.890327617470621817e+02
2.901294855723559749e+02
2.876165370151204002e+02
2.793548833136083545e+02
2.774193949822475247e+02
2.791774554840227438e+02
3.132597099356204353e+02
2.949337389420584259e+02
2.784403650478525947e+02
2.705963285430673295e+02
2.750366956887605738e+02
2.595330261198845392e+02
2.800797235078961194e+02
2.990717511571065188e+02
2.931645760413958897e+02
2.808481184372562893e+02
2.717633065935306718e+02
2.720869759341776444e+02
2.873782783407598913e+02
2.756404505066839192e+02
2.650764054560155500e+02
2.585687649104139609e+02
2.562118884193725989e+02
2.510906995774353447e+02
2.509816296196918017e+02
2.493834666577226358e+02
2.419451199919503779e+02
2.467506079927553344e+02
2.465755471934797924e+02
2.379179924741318075e+02
2.726261932267186694e+02
2.663635739040468025e+02
3.222272165136421336e+02
3.055044948622779089e+02
3.379540453760501464e+02
3.271586408384451374e+02
3.229427767546006294e+02
3.131484990791405494e+02
3.193336491712265115e+02
3.109002842541038945e+02
3.213102558286935277e+02
3.226792302458241579e+02
3.249113072212417705e+02
3.309201764991175878e+02
3.143281588492058631e+02
2.998953429642853052e+02
2.904058086678567747e+02
2.918652278010711143e+02
3.066787050209640029e+02
2.875108345188676253e+02
2.822597510669808685e+02
2.690337759602828100e+02
2.646303983642545745e+02
2.536673585278291227e+02
2.648006226750462133e+02
2.823205604075416204e+02
2.965885043667874470e+02
2.864296539301087137e+02
2.732866885370978594e+02
2.644580196833881018e+02
2.955122177150493030e+02
3.004609959435443898e+02
3.074148963491899735e+02
2.911734067142709819e+02
2.775560660428438950e+02
2.733004594385595283e+02
3.079704134947036209e+02
3.571733721452332588e+02
3.464560349307099614e+02
3.498104314376389539e+02
3.413293882938750698e+02
3.236964494644875572e+02
3.383268045180387844e+02
3.454941240662349173e+02
3.259447116596114142e+02
3.348502404936502899e+02
3.233652164442852950e+02
3.310286947998567939e+02
3.214258253198711373e+02
3.187832427878840349e+02
3.054049185090956371e+02
3.053644266581860620e+02
2.923279839923674785e+02
2.775951855931307364e+02
3.088356670338176855e+02
2.959521003304359397e+02
2.918568902973923400e+02
3.061712012676530890e+02
2.835540811408877744e+02
2.761986730267990424e+02
2.620788057241191495e+02
2.498709251517072403e+02
2.473838326365365106e+02
2.501454493728828652e+02
2.581309044355945730e+02
2.513178139920351271e+02
2.526860325928316229e+02
2.504174293335484549e+02
2.568756864001936151e+02
2.546881177601742650e+02
2.482193059841568470e+02
2.863973753857411566e+02
2.807576378471670751e+02
3.046818740624503334e+02
2.967136866562053115e+02
3.055423179905847633e+02
2.914880861915262926e+02
2.968392775723736463e+02
2.841553498151362760e+02
2.977398148336226313e+02
2.944658333502603682e+02
2.885192500152343200e+02
2.791673250137109221e+02
2.712505925123398356e+02
2.691255332611058293e+02
2.767129799349952464e+02
2.895416819414957672e+02
2.910875137473461791e+02
2.824787623726115839e+02
2.957308861353504312e+02
2.816577975218153824e+02
2.699920177696338897e+02
2.984928159926705007e+02
2.876435343934034563e+02
3.018791809540631448e+02
3.241912628586568417e+02
3.072721365727911689e+02
3.135449229155120747e+02
3.226904306239608786e+02
3.189213875615648135e+02
2.995292488054083151e+02
2.835763239248674950e+02
2.732186915323807170e+02
2.893968223791426908e+02
2.849571401412284217e+02
2.844614261271055966e+02
3.225152835143950369e+02
3.102637551629555333e+02
2.947373796466599742e+02
2.997636416819939882e+02
2.887872775137946064e+02
2.779085497624151344e+02
2.656176947861736153e+02
2.605559253075562651e+02
2.530003327768006329e+02
2.447002994991205753e+02
2.602302695492085149e+02
2.492072425942876635e+02
2.657865183348588971e+02
2.922078665013730188e+02
2.774870798512357055e+02
2.972383718661121748e+02
2.885145346795009687e+02
2.881630812115508888e+02
3.238467730903958000e+02
3.594620957813562541e+02
3.740158862032206457e+02
3.541142975828985868e+02
3.412028678246087452e+02
3.285825810421478650e+02
3.112243229379330955e+02
2.986018906441398144e+02
2.932417015797258273e+02
3.089175314217532673e+02
3.075257782795779349e+02
3.002732004516201414e+02
3.012458804064581273e+02
2.881212923658123373e+02
2.833091631292311376e+02
2.799782468163080011e+02
2.724804221346772124e+02
2.997323799212094855e+02
2.847591419290885710e+02
2.727832277361796969e+02
2.885049049625617386e+02
2.751544144663055818e+02
2.856389730196750634e+02
2.750750757177075911e+02
2.690675681459368320e+02
2.641608113313431545e+02
2.492447301982088561e+02
2.893202571783879762e+02
2.758882314605492070e+02
2.922994083144942579e+02
2.845694674830448321e+02
2.686125207347403716e+02
2.872512686612663515e+02
2.910261417951397220e+02
2.844235276156257441e+02
3.249811748540631697e+02
3.294830573686568869e+02
3.135347516317912095e+02
2.991812764686121113e+02
2.827631488217509173e+02
2.994868339395758312e+02
2.825381505456182367e+02
2.902843354910564244e+02
2.812559019419508104e+02
2.736303117477557407e+02
2.657672805729802121e+02
2.776905525156821568e+02
2.789214972641139525e+02
2.660293475377025629e+02
2.894264127839322782e+02
2.824837715055390390e+02
2.997353943549851465e+02
3.457618549194866659e+02
3.336856694275380164e+02
3.293171024847842432e+02
3.413853922363058473e+02
3.227468530126752739e+02
3.264721677114077352e+02
3.458249509402669446e+02
3.272424558462402615e+02
3.375182102616162183e+02
3.072663892354545965e+02
3.010397503119091311e+02
2.909357752807182464e+02
2.888421977526464275e+02
2.719579779773818018e+02
2.992621801796436216e+02
3.048359621616792765e+02
3.098523659455113375e+02
3.138671293509602265e+02
3.264804164158642266e+02
3.243323747742778096e+02
3.133991372968500286e+02
2.925592235671650201e+02
3.388033012104485238e+02
3.274229710894036884e+02
3.091806739804633253e+02
3.127626065824169928e+02
3.109863459241752821e+02
3.108877113317577709e+02
3.317989401985819882e+02
3.056190461787238064e+02
2.885571415608514485e+02
2.797014274047663207e+02
2.672312846642896602e+02
2.795081561978606715e+02
2.680573405780746157e+02
2.657516065202671598e+02
2.626764458682404211e+02
2.494088012814163733e+02
2.479679211532747445e+02
2.496711290379472814e+02
2.767040161341525391e+02
2.665336145207372738e+02
2.558802530686635635e+02
2.562922277617972213e+02
2.861630049856174764e+02
2.850467044870557629e+02
2.825420340383502094e+02
2.917878306345152168e+02
2.931090475710636838e+02
2.687981428139573268e+02
2.564183285325615884e+02
2.482764956793054409e+02
2.459488461113749054e+02
2.418539615002374319e+02
2.576685653502137257e+02
2.604017088151923645e+02
2.623615379336731621e+02
2.541253841403058402e+02
2.512128457262752477e+02
2.470915611536477172e+02
2.443824050382829398e+02
2.399441645344546430e+02
2.579497480810091474e+02
2.551547732729082441e+02
2.491392959456174196e+02
2.677253663510556407e+02
2.604528297159500880e+02
2.564075467443550451e+02
2.537667920699195463e+02
2.618901128629275945e+02
2.757011015766348692e+02
2.831309914189713481e+02
2.773178922770741792e+02
2.690861030493667840e+02
2.691774927444300829e+02
2.682597434699870860e+02
2.789337691229883944e+02
2.955403922106895607e+02
2.879863529896206273e+02
3.151877176906585873e+02
3.156689459215927513e+02
2.971020513294334933e+02
2.918918461964901780e+02
2.957026615768411943e+02
2.951323954191570920e+02
2.971191558772413828e+02
2.864072402895172331e+02
2.812665162605655382e+02
2.896398646345089674e+02
2.861758781710580593e+02
2.885582903539522590e+02
2.987024613185570274e+02
3.033322151867013190e+02
2.854989936680311757e+02
2.829490943012280582e+02
3.201541848711052580e+02
3.251387663839947209e+02
3.216248897455952829e+02
3.199624007710357887e+02
3.119661606939322382e+02
2.927695446245390372e+02
3.024925901620851505e+02
2.997433311458766525e+02
2.897689980312890157e+02
2.802920982281601141e+02
2.857628884053441425e+02
2.731865995648097396e+02
2.933679396083288111e+02
2.915311456474959186e+02
2.988780310827463609e+02
2.889902279744717362e+02
2.755912051770245625e+02
2.695320846593220949e+02
2.700788761933898741e+02
2.555709885740508867e+02
3.015138897166457923e+02
3.043625007449812188e+02
2.994262506704831139e+02
2.899836256034348025e+02
3.034852630430913223e+02
3.041367367387821901e+02
3.032230630649039540e+02
2.879007567584135927e+02
2.801106810825722278e+02
2.860996129743150505e+02
2.824896516768835681e+02
2.717406865091952568e+02
2.725666178582757766e+02
2.668099560724482444e+02
2.706289604652034200e+02
2.905660644186830837e+02
3.165094579768147582e+02
3.153585121791332995e+02
3.083226609612199809e+02
3.029903948650979828e+02
2.986913553785881845e+02
3.028222198407293604e+02
2.945399978566564414e+02
2.810859980709907973e+02
2.674773982638917005e+02
2.702296584375025077e+02
2.642066925937522228e+02
2.537860233343770062e+02
2.654074210009392800e+02
2.588666789008453861e+02
2.554800110107608475e+02
2.584320099096847798e+02
2.475888089187162961e+02
2.438299280268446694e+02
2.389469352241601996e+02
2.370522417017441796e+02
2.298470175315697759e+02
2.258623157784128068e+02
2.392760842005715176e+02
2.488484757805143772e+02
2.364636282024629566e+02
2.358172653822166751e+02
2.487355388439950161e+02
2.578619849595955316e+02
2.490757864636359784e+02
2.456682078172723891e+02
2.371013870355451445e+02
2.243912483319906244e+02
2.374521234987915648e+02
2.687069111489124111e+02
2.653362200340211530e+02
2.483025980306190377e+02
2.629723382275571453e+02
2.601751044048014592e+02
2.591575939643213360e+02
2.857418345678892138e+02
2.761676511111003265e+02
2.810508859999903279e+02
2.764457973999913065e+02
2.808012176599921759e+02
3.302210958939929242e+02
3.281989863045936318e+02
3.203790876741342686e+02
3.158411789067208701e+02
2.997570610160487945e+02
2.882813549144439094e+02
2.844532194229995525e+02
2.805078974806996257e+02
3.244571077326296518e+02
2.965113969593667207e+02
2.828602572634300714e+02
3.055742315370870301e+02
2.950168083833783612e+02
3.075151275450405137e+02
3.017636147905364510e+02
2.985872533114828116e+02
3.287285279803345475e+02
3.188556751823011268e+02
3.064701076640710085e+02
3.063230968976639019e+02
2.961907872078975288e+02
2.760717084871077986e+02
2.609645376383970188e+02
2.478680838745573283e+02
2.330812754871016068e+02
2.242731479383914461e+02
2.088458331445523015e+02
2.219612498300970742e+02
2.552651248470873782e+02
2.467386123623786318e+02
2.410647511261407772e+02
2.564582760135266994e+02
2.578124484121740352e+02
2.555312035709566487e+02
2.524780832138609981e+02
2.562302748924748812e+02
2.426072474032274044e+02
2.733465226629047038e+02
3.025118703966141993e+02
2.942606833569527680e+02
2.848346150212574912e+02
2.738511535191317421e+02
2.679660381672185849e+02
2.886694343504967719e+02
2.808024909154470947e+02
3.062222418239023796e+02
2.996000176415121246e+02
2.871400158773608950e+02
2.919260142896247885e+02
2.852334128606623267e+02
3.337100715745960997e+02
3.188390644171365125e+02
3.239551579754228783e+02
3.070596421778806189e+02
2.978536779600925684e+02
2.820683101640833002e+02
2.723614791476749701e+02
2.491253312329074845e+02
2.487127981096167275e+02
2.453415182986550462e+02
2.383073664687895530e+02
2.374766298219105920e+02
2.282289668397195328e+02
2.359060701557475852e+02
2.383154631401728238e+02
2.289839168261555358e+02
2.455855251435399964e+02
2.330269726291859911e+02
2.362242753662673920e+02
2.266018478296406613e+02
2.709416630466765810e+02
2.608474967420089570e+02
2.842627470678080499e+02
2.968364723610272904e+02
3.156528251249245614e+02
3.025875426124321166e+02
3.103287883511889049e+02
2.977959095160700258e+02
2.870163185644630062e+02
3.093146867080167226e+02
3.123832180372150447e+02
2.971448962334935686e+02
2.809304066101442459e+02
2.843373659491298326e+02
2.789036293542168323e+02
2.665132664187951832e+02
2.933619397769156762e+02
3.050257457992241257e+02
2.935231712193017302e+02
3.051708540973715458e+02
2.906537686876343969e+02
2.735883918188709458e+02
2.557295526369838683e+02
2.716565973732854786e+02
2.554909376359569251e+02
2.444418438723612326e+02
2.484976594851251264e+02
2.811478935366126279e+02
2.600331041829513765e+02
2.840297937646562332e+02
3.036268143881906099e+02
2.767641329493715716e+02
2.995877196544344088e+02
2.866289476889909906e+02
2.654660529200918972e+02
2.529194476280827075e+02
2.571275028652744368e+02
2.479147525787469988e+02
2.426232773208722904e+02
2.318609495887850755e+02
2.406748546299065765e+02
2.466073691669159302e+02
2.449466322502243543e+02
2.339519690252019188e+02
2.295567721226817355e+02
2.391010949104135648e+02
2.601909854193722254e+02
2.551718868774350142e+02
2.721546981896915440e+02
3.014392283707223896e+02
3.047953055336501507e+02
3.083157749802851413e+02
2.919841974822566613e+02
2.747857777340310008e+02
2.773071999606279405e+02
2.815764799645651237e+02
2.764188319681086341e+02
2.957769487712977821e+02
2.796992538941680095e+02
2.702293285047512086e+02
2.567063956542760934e+02
2.435357560888485011e+02
2.746821804799636766e+02
2.782139624319672748e+02
2.673925661887705587e+02
2.636533095698935085e+02
2.527879786129041690e+02
2.640091807516137692e+02
2.676082626764523980e+02
2.753474364088071979e+02
2.998126927679264782e+02
3.043314234911338190e+02
2.853982811420204371e+02
2.758584530278184275e+02
2.717726077250365506e+02
2.925953469525329069e+02
2.953358122572795992e+02
2.963022310315516279e+02
3.066720079283964537e+02
2.910048071355568027e+02
2.924043264220011338e+02
3.106638937798010147e+02
2.985975044018209132e+02
3.207377539616388162e+02
3.061639785654749630e+02
3.240475807089274554e+02
3.041428226380347155e+02
3.032285403742312724e+02
2.949056863368081736e+02
2.874151177031273505e+02
2.791736059328146098e+02
2.647562453395331659e+02
2.707806208055798152e+02
2.612025587250218450e+02
2.495823028525196605e+02
2.506240725672676888e+02
2.395616653105409171e+02
2.341054987794868225e+02
2.241949489015381403e+02
2.177754540113843404e+02
2.854979086102458723e+02
2.894481177492212964e+02
3.340033059742991668e+02
3.131029753768692672e+02
2.997926778391823746e+02
2.918134100552641712e+02
2.936320690497377655e+02
3.112688621447640003e+02
3.026419759302876287e+02
2.923777783372588601e+02
2.741400005035329741e+02
2.652260004531797222e+02
2.552034004078617500e+02
2.691830603670755409e+02
2.577647543303679640e+02
2.519882788973311847e+02
2.727894510075980747e+02
2.600105059068382616e+02
2.505094553161544297e+02
2.674585097845389896e+02
2.672126588060850736e+02
2.604913929254765890e+02
2.484422536329289244e+02
2.355980282696360462e+02
2.260382254426724558e+02
2.249344028984052102e+02
2.379409626085646892e+02
2.511468663477082259e+02
2.390321797129374204e+02
2.356289617416436784e+02
2.490660655674793134e+02
2.446594590107313820e+02
2.761935131096582836e+02
2.715741617986924439e+02
2.689167456188231995e+02
2.750250710569408739e+02
2.875225639512467524e+02
3.012703075561220771e+02
2.856432768005098524e+02
2.760789491204589012e+02
2.774710542084130225e+02
3.197239487875717145e+02
3.482515539088145715e+02
3.374263985179331371e+02
3.266837586661398518e+02
3.270153827995258666e+02
3.178138445195733084e+02
3.115324600676160003e+02
2.988792140608543946e+02
2.819912926547689835e+02
2.632921633892921136e+02
2.524629470503629136e+02
2.392166523453266223e+02
2.502949871107939543e+02
2.397654883997145703e+02
2.417889395597431133e+02
2.396100456037688105e+02
2.306490410433919465e+02
2.440841369390527689e+02
2.331757232451475090e+02
2.333581509206327667e+02
2.260223358285694815e+02
2.409201022457125418e+02
2.383280920211412877e+02
2.799952828190271248e+02
2.749957545371244123e+02
2.769961790834120166e+02
2.807965611750707922e+02
3.277169050575637357e+02
3.439452145518073962e+02
4.015506930966266737e+02
3.833956237869639949e+02
3.495560614082676238e+02
3.371004552674408501e+02
3.288904097406967821e+02
3.115013687666271380e+02
3.268512318899644242e+02
3.276661087009679818e+02
3.353994978308712120e+02
3.238595480477840738e+02
3.129735932430056664e+02
3.011762339187051225e+02
2.890586105268346273e+02
2.831527494741511646e+02
2.668374745267360595e+02
2.651537270740624308e+02
2.561383543666561877e+02
2.725245189299905633e+02
2.502720670369915013e+02
2.762448603332923653e+02
2.741203742999631459e+02
2.772083368699668426e+02
3.109875031829701584e+02
3.643887528646731653e+02
3.709498775782058715e+02
3.623548898203852673e+02
3.446194008383467349e+02
3.596574607545120443e+02
3.496917146790608513e+02
3.357225432111548002e+02
3.521502888900393486e+02
3.344352600010354308e+02
3.519917340009318991e+02
3.397925606008387263e+02
3.293133045407548707e+02
3.083819740866794064e+02
3.025437766780114544e+02
3.022893990102103317e+02
3.400604591091893099e+02
3.615544131982703675e+02
3.763989718784433194e+02
3.737590746905989931e+02
3.838831672215391109e+02
3.774948504993852225e+02
3.537453654494466946e+02
3.703708289045020479e+02
3.668337460140518260e+02
3.561503714126466775e+02
3.550353342713819984e+02
3.410318008442438327e+02
3.209286207598194665e+02
3.223357586838375255e+02
3.091021828154537729e+02
3.276919645339083900e+02
3.404227680805175851e+02
3.238804912724658607e+02
3.189924421452192860e+02
3.225931979306973858e+02
3.098338781376276643e+02
3.298504903238649035e+02
3.168654412914784189e+02
3.326788971623305997e+02
3.054110074460975284e+02
2.933699067014877642e+02
2.775329160313389707e+02
2.697796244282050679e+02
2.523016619853845555e+02
2.420714957868460999e+02
2.453643462081614928e+02
2.418279115873453406e+02
2.656451204286108236e+02
2.450806083857497413e+02
2.470725475471747643e+02
2.783652927924572964e+02
2.720287635132115724e+02
2.693258871618904209e+02
2.833932984457013617e+02
2.840539686011312597e+02
3.136485717410181451e+02
3.352837145669163306e+02
3.617553431102247146e+02
3.590798087992022261e+02
3.416718279192820091e+02
3.535046451273537969e+02
3.451541806146184399e+02
3.286387625531565959e+02
3.122748862978409647e+02
2.930473976680568740e+02
2.802426579012512207e+02
2.742183921111260929e+02
2.612965529000134666e+02
2.621668976100121426e+02
2.864502078490108943e+02
2.763051870641098162e+02
2.616746683576988062e+02
2.520072015219289199e+02
2.488064813697360194e+02
2.454258332327624146e+02
2.433832499094861817e+02
2.810449249185375606e+02
2.894404324266837989e+02
2.759963891840154133e+02
2.858967502656138890e+02
2.703070752390524945e+02
2.952763677151472166e+02
3.147487309436324949e+02
3.352738578492692341e+02
3.177464720643422993e+02
3.084718248579080750e+02
3.076246423721172505e+02
2.938621781349055482e+02
3.109759603214150161e+02
3.263783642892735202e+02
3.202405278603461625e+02
3.262164750743115746e+02
3.120948275668804399e+02
3.113853448101924073e+02
2.992468103291731722e+02
2.978221292962558664e+02
3.235399163666302798e+02
3.381859247299672688e+02
3.338673322569705419e+02
3.159805990312734707e+02
3.448825391281461066e+02
3.493942852153314789e+02
3.319548566937983196e+02
3.342593710244184990e+02
3.168334339219766775e+02
2.951500905297789927e+02
2.876350814768010764e+02
2.683715733291209631e+02
2.590344159962088497e+02
2.881309743965879306e+02
2.948178769569291262e+02
3.048360892612362250e+02
3.028524803351126025e+02
3.020672323016013365e+02
2.833605090714411858e+02
2.695244581642970729e+02
2.655720123478673713e+02
2.925148111130806683e+02
3.132633300017726015e+02
3.064369970015953299e+02
2.912932973014358140e+02
2.946639675712922326e+02
3.091975708141630435e+02
2.957778137327467221e+02
2.962000323594720612e+02
2.850800291235248665e+02
3.040720262111723855e+02
3.201648235900551640e+02
3.031483412310496419e+02
2.848335071079446834e+02
3.033501563971502151e+02
2.920151407574351765e+02
2.788136266816916873e+02
2.794322640135225129e+02
2.639890376121702502e+02
2.520901338509532366e+02
2.533811204658579186e+02
2.735430084192721552e+02
2.846887075773449851e+02
2.672198368196105207e+02
2.624978531376494857e+02
2.797480678238845258e+02
2.877732610414960845e+02
2.814959349373464761e+02
2.758463414436118342e+02
2.722617072992506451e+02
2.580355365693255862e+02
2.552319829123930219e+02
2.492087846211537112e+02
2.472879061590383571e+02
2.430591155431345385e+02
2.647532039888210988e+02
2.772778835899389946e+02
2.735500952309450895e+02
2.906950857078505805e+02
2.776255771370655339e+02
2.643630194233589918e+02
2.599267174810231040e+02
2.644340457329208220e+02
2.619906411596287512e+02
2.572915770436658818e+02
2.605624193392993106e+02
2.535061774053693853e+02
2.511555596648324524e+02
2.445400036983492100e+02
2.695860033285142663e+02
2.661274029956628056e+02
2.515146626960965364e+02
2.373631964264868941e+02
2.261268767838382132e+02
2.225141891054543919e+02
2.367627701949089669e+02
2.290864931754180702e+02
2.281778438578762689e+02
2.528600594720886363e+02
2.470740535248797869e+02
2.443666481723918196e+02
2.509299833551526433e+02
2.548369850196373818e+02
2.498532865176736379e+02
2.368679578659062770e+02
2.886811620793156408e+02
2.888130458713840767e+02
2.794317412842456747e+02
2.934885671558211016e+02
2.861397104402390141e+02
2.755257393962151014e+02
2.874731654565936196e+02
2.762258489109342463e+02
2.616032640198408217e+02
2.699429376178567281e+02
2.614486438560710440e+02
2.483037794704639509e+02
2.399734015234175502e+02
2.589760613710757866e+02
2.465784552339682136e+02
2.429206097105713980e+02
2.681285487395142582e+02
2.788156938655628210e+02
2.849341244790065275e+02
2.929407120311058748e+02
2.811466408279952702e+02
2.660319767451957205e+02
2.539287790706761427e+02
2.750359011636085143e+02
2.620323110472476742e+02
2.613290799425229238e+02
2.571961719482706030e+02
2.644765547534435655e+02
2.655288992780991748e+02
2.644760093502892460e+02
2.585284084152602873e+02
2.491755675737342699e+02
2.497580108163608372e+02
2.362822097347247450e+02
2.546539887612522648e+02
2.511885898851270440e+02
2.405697308966143453e+02
2.420127578069529193e+02
2.443114820262576359e+02
2.488803338236318723e+02
2.379923004412686964e+02
2.281930703971418382e+02
2.208737633574276629e+02
2.087863870216849023e+02
2.239077483195164291e+02
2.255169734875647976e+02
2.159652761388083206e+02
2.148687485249274971e+02
2.343818736724347502e+02
2.319436863051912781e+02
2.242493176746721417e+02
2.238243859072049418e+02
2.204419473164844590e+02
2.168977525848360131e+02
2.117079773263524203e+02
2.335371795937171839e+02
2.396834616343454627e+02
2.377151154709109164e+02
2.524436039238198362e+02
2.551992435314378440e+02
2.551793191782940653e+02
2.531613872604646645e+02
2.538452485344182037e+02
2.589607236809764004e+02
2.575646513128787660e+02
2.508081861815908837e+02
2.542273675634318124e+02
2.633046308070886425e+02
2.579741677263797897e+02
2.546767509537418164e+02
2.517090758583676404e+02
2.625381682725308679e+02
2.807843514452778209e+02
2.672059163007500047e+02
2.744853246706750269e+02
2.720367922036075470e+02
2.618331129832467923e+02
2.706498016849221244e+02
2.660848215164298836e+02
2.534763393647868952e+02
2.641287054283081943e+02
2.552158348854773919e+02
2.451942513969296442e+02
2.641748262572366457e+02
2.617573436315129811e+02
2.495816092683616887e+02
2.366234483415255170e+02
2.399611035073729681e+02
2.364649931566356713e+02
2.593184938409721099e+02
2.523866444568749046e+02
2.556479800111874283e+02
2.430831820100686969e+02
2.297748638090618272e+02
2.197973774281556416e+02
2.423176396853400831e+02
2.360858757168060720e+02
2.279772881451254705e+02
2.256795593306129319e+02
2.386116033975516473e+02
2.522504430577964740e+02
2.505253987520168266e+02
2.699728588768151667e+02
2.734755729891336387e+02
2.836280156902203089e+02
2.647652141211982553e+02
2.607886927090784184e+02
2.617098234381705879e+02
2.645388410943535291e+02
2.610849569849182217e+02
2.539764612864263995e+02
2.695788151577837652e+02
2.561209336420054115e+02
2.875088402778048930e+02
2.847579562500243924e+02
2.752821606250219588e+02
3.167539445625197914e+02
3.250785501062678122e+02
3.130706950956410424e+02
3.067636255860769552e+02
3.435872630274692483e+02
3.247285367247223462e+02
3.182556830522501059e+02
3.029301147470251294e+02
3.586371032723226335e+02
3.792733929450903929e+02
3.628460536505813820e+02
3.415614482855232268e+02
3.344053034569708984e+02
3.279647731112738143e+02
3.296682958001464385e+02
3.232014662201318060e+02
3.013813195981186368e+02
3.107431876383067788e+02
3.031688688744761180e+02
2.973519819870285232e+02
3.076167837883256766e+02
2.933551054094930919e+02
2.770195948685437770e+02
2.803176353816893993e+02
2.832858718435204537e+02
3.089572846591684083e+02
3.260615561932515902e+02
3.094554005739264539e+02
2.910098605165338199e+02
2.764088744648804550e+02
2.672679870183924322e+02
2.845411883165531890e+02
2.750870694848978815e+02
2.615783625364081217e+02
2.504205262827673266e+02
2.533784736544905911e+02
3.010406262890415405e+02
2.869365636601373808e+02
2.792429072941236541e+02
2.643186165647113057e+02
2.818867549082401638e+02
3.406980794174161247e+02
3.251282714756745236e+02
3.151154443281070598e+02
3.081038998952963652e+02
3.382935099057667117e+02
3.299641589151900689e+02
3.169677430236710620e+02
3.072709687213039729e+02
3.140438718491735699e+02
3.251394846642562015e+02
3.406255361978305700e+02
3.380629825780475244e+02
3.337566843202427549e+02
3.288810158882184851e+02
3.079929142993966593e+02
3.061936228694569877e+02
2.930742605825112719e+02
3.297668345242601617e+02
3.307901510718341456e+02
3.377111359646507367e+02
3.154400223681856801e+02
3.048960201313670950e+02
2.889064181182304196e+02
2.805157763064073606e+02
2.844641986757666245e+02
3.130177788081899735e+02
2.942160009273709989e+02
2.847944008346339047e+02
2.988149607511705312e+02
2.989334646760534611e+02
2.915401182084481206e+02
2.813861063876033199e+02
2.882474957488429936e+02
2.749227461739587284e+02
2.594304715565628499e+02
2.474874244009065762e+02
2.757386819608159385e+02
2.496648137647343617e+02
2.371983323882609227e+02
2.309784991494348390e+02
2.318806492344913579e+02
2.271925843110422250e+02
2.259733258799380167e+02
2.468759932919442122e+02
2.581883939627497853e+02
2.848695545664747897e+02
2.873825991098273107e+02
2.781443391988445910e+02
2.938299052789601546e+02
2.749469147510641278e+02
2.784522232759577491e+02
2.751070009483619856e+02
2.925963008535258041e+02
2.903366707681732350e+02
2.938030036913559115e+02
2.884227033222203431e+02
2.825804329899983145e+02
2.888223896909984774e+02
2.829401507218986467e+02
2.861461356497087536e+02
2.770315220847379010e+02
2.648283698762641052e+02
2.873455328886377060e+02
2.921109795997739411e+02
3.028998816397965470e+02
2.941098934758168753e+02
2.786989041282351991e+02
3.143290137154116906e+02
3.443961123438705272e+02
3.444565011094834972e+02
3.250108509985351475e+02
3.120097658986816214e+02
3.063087893088134592e+02
3.231779103779321076e+02
3.118601193401389082e+02
3.016741074061250174e+02
3.225066966655125498e+02
3.352560269989613175e+02
3.307304242990651915e+02
3.141573818691586553e+02
3.012416436822427954e+02
2.856174793140185102e+02
2.950557313826166705e+02
3.095501582443550319e+02
3.465951424199195117e+02
3.404356281779275832e+02
3.188920653601348363e+02
3.170028588241213470e+02
3.343025729417092293e+02
3.163723156475383007e+02
3.287350840827844536e+02
3.153615756745060139e+02
3.018254181070554409e+02
2.981428762963499253e+02
3.133285886667149498e+02
3.194957298000434776e+02
3.050461568200391298e+02
3.430415411380351998e+02
3.222373870242316798e+02
3.310136483218085459e+02
3.324122834896277254e+02
3.316710551406649756e+02
3.270039496265985122e+02
3.198035546639386553e+02
3.038231991975447954e+02
3.124408792777903159e+02
2.951967913500112672e+02
3.081771122150101405e+02
3.078594009935091549e+02
3.180734608941582451e+02
2.882661148047424149e+02
2.829395033242681734e+02
2.776455529918413276e+02
2.758809976926571608e+02
2.732928979233914788e+02
2.824636081310522968e+02
2.762172473179471126e+02
2.990955225861524127e+02
2.936859703275371771e+02
2.798173732947834651e+02
2.708356359653051300e+02
2.717520723687746340e+02
2.620768651318971934e+02
2.493691786187074797e+02
3.019322607568367403e+02
2.912390346811531003e+02
2.871151312130377846e+02
2.684036180917340175e+02
2.590632562825605874e+02
2.616569306543045741e+02
2.499912375888741281e+02
2.369921138299867209e+02
2.522929024469880517e+02
2.635636122022892778e+02
2.772072509820603727e+02
2.679865258838543696e+02
2.901878732954689326e+02
2.911690859659220223e+02
3.125521773693298542e+02
3.137969596323968631e+02
2.964172636691571938e+02
2.947755373022415029e+02
2.792979835720173583e+02
2.778681852148156395e+02
2.745813666933340755e+02
2.736232300240006907e+02
2.607609070216005875e+02
2.556848163194405288e+02
2.411163346874964759e+02
2.700047012187468454e+02
2.810042310968721608e+02
3.129038079871849618e+02
3.036134271884664599e+02
3.142520844696198310e+02
3.238268760226578706e+02
3.284441884203920949e+02
3.250997695783528911e+02
3.150897926205175850e+02
3.265808133584658322e+02
3.104227320226192433e+02
2.913804588203573189e+02
2.887424129383215927e+02
2.868681716444894505e+02
3.331813544800405111e+02
3.083632190320364543e+02
2.945268971288328430e+02
2.845742074159495587e+02
2.946167866743546142e+02
3.006551080069191357e+02
2.855895972062272108e+02
2.925306374856044727e+02
2.842775737370440083e+02
2.708498163633396416e+02
2.742648347270056775e+02
2.848383512543051097e+02
3.033545161288745931e+02
3.040190645159871679e+02
3.156171580643884340e+02
2.960554422579496077e+02
3.309498980321546355e+02
3.158549082289391663e+02
3.182694174060452497e+02
2.974424756654407247e+02
3.141982280988966636e+02
3.167784052890070257e+02
3.141005647601063515e+02
3.046905082840956993e+02
3.022214574556861635e+02
2.839993117101175812e+02
2.860993805391058231e+02
3.369894424851952408e+02
3.542904982366757167e+02
3.398614484130081337e+02
3.398753035717073203e+02
3.163877732145365940e+02
3.072489958930829630e+02
3.450240963037746837e+02
3.615216866733971983e+02
3.703695180060574899e+02
3.698325662054517693e+02
3.773493095849066208e+02
3.606143786264159417e+02
3.285529407637743589e+02
3.481976466873969116e+02
3.233778820186572034e+02
3.385400938167915115e+02
3.261860844351123774e+02
3.260674759916011567e+02
3.094607283924410694e+02
3.285146555531969739e+02
3.181631899978772822e+02
3.338468709980895710e+02
3.444621838982806139e+02
3.410159655084525525e+02
3.244143689576072802e+02
3.214729320618465636e+02
3.108256388556619072e+02
3.272430749700957335e+02
3.185187674730861431e+02
3.341668907257775345e+02
3.152502016531997810e+02
3.092251814878798086e+02
3.313026633390918505e+02
3.316723970051826882e+02
3.000051573046644080e+02
3.175046415741979899e+02
2.952541774167781909e+02
3.067287596751003775e+02
3.055558837075903398e+02
2.905002953368313001e+02
2.874502658031481701e+02
2.847052392228333701e+02
2.772347153005500218e+02
2.550112437704950139e+02
2.590101193934455068e+02
2.461091074541009505e+02
2.419981967086908696e+02
2.332983770378217798e+02
2.269685393340396047e+02
2.427716854006356471e+02
2.349945168605720767e+02
2.589950651745148775e+02
2.685955586570634068e+02
2.542360027913570661e+02
2.418124025122213538e+02
2.346311622609992185e+02
2.401680460348993051e+02
2.771512414314094030e+02
2.704361172882684627e+02
2.978925055594415880e+02
2.966032550034974520e+02
2.959429295031476954e+02
2.973486365528329429e+02
2.961137728975496657e+02
2.790023956077947105e+02
2.781021560470152281e+02
2.807919404423137166e+02
2.922127463980823450e+02
2.874914717582741446e+02
2.927423245824467131e+02
2.959680921242020304e+02
2.883712829117818615e+02
2.805341546206036583e+02
2.554807391585432867e+02
2.439326652426889552e+02
2.555393987184200739e+02
2.549854588465780694e+02
2.859869129619202681e+02
2.808882216657282243e+02
3.032993994991554132e+02
2.979694595492399003e+02
3.096725135943159444e+02
3.157052622348843443e+02
3.071347360113959439e+02
2.914212624102563609e+02
2.892791361692307532e+02
2.823512225523076609e+02
3.016161002970769118e+02
2.999544902673692377e+02
3.094590412406323026e+02
2.930131371165690553e+02
3.472118234049121384e+02
3.284906410644209132e+02
3.486415769579788275e+02
3.342774192621809561e+02
3.198496773359628946e+02
3.163647096023665881e+02
3.042282386421299520e+02
2.983054147779169512e+02
3.359748733001252390e+02
3.498773859701126980e+02
3.388896473731014112e+02
3.415006826357912928e+02
3.248506143722121919e+02
3.033655529349910012e+02
2.845289976414919124e+02
2.825760978773427041e+02
3.033184880896084223e+02
2.914866392806475801e+02
2.758379753525828164e+02
2.627541778173245461e+02
2.594787600355921313e+02
2.890308840320329296e+02
2.796277956288296309e+02
2.886650160659467019e+02
2.847985144593520204e+02
2.743186630134168240e+02
2.728867967120751246e+02
2.585981170408675780e+02
2.737383053367808543e+02
2.578644748031027802e+02
2.515780273227925079e+02
2.654202245905132713e+02
2.608782021314619897e+02
2.682903819183158021e+02
2.644613437264841878e+02
2.940152093538357576e+02
3.191136884184521705e+02
3.202023195766069534e+02
3.071820876189462410e+02
2.909638788570516112e+02
3.213674909713464558e+02
3.007307418742118443e+02
3.261576676867906599e+02
3.360419009181115939e+02
3.179377108263004175e+02
3.096439397436703871e+02
3.051795457693033313e+02
2.886615911923730096e+02
2.772954320731357143e+02
2.780658888658221599e+02
3.017592999792399269e+02
2.890833699813159683e+02
2.811750329831843942e+02
2.775575296848659264e+02
2.718017767163793224e+02
2.621215990447414015e+02
2.724094391402672954e+02
2.841684952262405659e+02
2.882516457036165320e+02
3.069264811332548675e+02
3.037338330199293637e+02
3.183604497179364330e+02
3.110244047461428067e+02
2.939219642715285090e+02
2.880297678443756695e+02
3.112267910599381366e+02
3.051041119539443116e+02
2.940937007585499146e+02
3.101843306826949060e+02
3.061658976144254325e+02
3.095493078529829063e+02
2.970943770676846043e+02
2.873849393609161780e+02
2.821464454248245488e+02
2.819318008823420882e+02
3.247386207941078737e+02
3.417647587146971091e+02
3.185882828432274323e+02
3.107294545589047061e+02
3.056565091030142298e+02
3.420908581927128012e+02
3.608817723734415495e+02
3.412935951360973945e+02
3.101642356224876380e+02
3.121478120602388913e+02
2.964330308542150192e+02
2.697897277687935116e+02
2.753107549919141661e+02
2.842796794927227211e+02
2.878517115434504490e+02
2.890665403891053984e+02
3.091598863501948813e+02
3.132438977151754216e+02
3.239195079436578908e+02
3.060275571492921358e+02
2.869248014343629052e+02
2.892323212909266203e+02
2.953090891618339811e+02
2.852781802456506171e+02
2.977503622210855383e+02
3.229753259989769845e+02
3.101777933990792917e+02
3.031600140591713739e+02
3.148440126532542536e+02
3.353596113879288509e+02
3.208236502491359943e+02
3.097412852242223948e+02
3.017671567018001610e+02
3.035904410316201734e+02
3.422313969284581390e+02
3.325082572356123478e+02
3.192574315120511415e+02
3.063316883608460444e+02
3.106985195247614229e+02
3.091286675722852806e+02
3.042158008150567525e+02
2.942942207335510716e+02
2.898647986601959587e+02
2.828783187941763799e+02
2.975904869147587419e+02
2.818314382232828734e+02
2.686482944009545690e+02
2.817834649608590780e+02
3.186051184647731702e+02
2.962446066182958475e+02
3.176201459564662741e+02
3.118581313608196410e+02
2.916723182247376940e+02
2.755050864022639416e+02
2.689545777620375588e+02
2.620591199858338314e+02
2.698532079872504710e+02
2.493678871885254296e+02
2.299310984696728895e+02
2.234379886227056033e+02
2.370941897604350572e+02
2.383847707843915487e+02
2.200462937059523938e+02
2.085416643353571544e+02
2.076874979018214447e+02
2.174187481116393030e+02
2.121768733004753642e+02
2.094591859704278249e+02
2.070132673733850481e+02
1.968119406360465575e+02
1.916307465724418932e+02
2.114676719151977125e+02
2.123209047236779554e+02
2.180888142513101684e+02
2.212799328261791629e+02
2.151519395435612410e+02
2.731367455892051339e+02
2.848230710302846092e+02
2.753407639272561482e+02
2.993066875345305107e+02
2.913760187810774482e+02
3.132384169029697318e+02
3.239145752126727871e+02
3.285231176914055027e+02
3.191708059222649467e+02
3.152537253300384350e+02
3.137283527970345745e+02
2.983555175173311227e+02
2.830199657655980445e+02
2.642179691890382855e+02
2.707961722701344343e+02
2.562165550431209908e+02
2.470948995388089031e+02
2.368854095849280270e+02
2.341968686264352186e+02
2.317771817637917025e+02
2.250994635874125436e+02
2.285895172286712977e+02
2.352305655058041793e+02
2.352075089552237728e+02
2.616867580597013898e+02
2.560180822537312224e+02
2.544162740283581172e+02
2.574746466255222686e+02
2.492271819629700360e+02
2.463044637666730239e+02
2.326740173900057300e+02
2.319066156510051542e+02
2.542159540859046558e+02
2.507943586773141931e+02
2.667149228095827880e+02
2.690434305286245262e+02
2.636390874757620395e+02
2.502751787281858356e+02
2.662476608553672577e+02
2.641228947698305092e+02
2.647106052928475037e+02
2.777395447635627761e+02
2.619655902872065099e+02
2.612690312584858248e+02
2.841421281326372537e+02
2.742279153193735510e+02
2.633051237874361732e+02
2.529746114086925672e+02
2.766771502678233219e+02
2.860094352410409897e+02
2.924084917169369078e+02
2.801676425452432113e+02
2.961508782907188788e+02
3.065357904616470250e+02
3.018822114154823453e+02
2.936939902739341051e+02
2.833245912465407059e+02
2.969921321218866410e+02
2.867929189096979599e+02
3.001136270187281525e+02
3.016022643168553259e+02
2.924420378851697819e+02
3.001978340966527981e+02
3.176780506869875467e+02
3.309102456182887977e+02
3.198192210564599236e+02
3.253372989508139312e+02
3.178035690557325665e+02
3.065232121501593383e+02
2.998708909351433931e+02
3.123838018416290652e+02
3.071454216574661586e+02
2.839308794917195655e+02
3.035377915425476090e+02
3.246840123882928424e+02
3.107156111494635411e+02
3.041440500345171927e+02
3.097296450310655018e+02
3.092566805279589630e+02
2.923310124751630497e+02
2.915979112276467617e+02
3.289381201048821026e+02
3.615443080943938980e+02
3.378898772849545367e+02
3.251008895564590944e+02
3.270908006008131679e+02
3.238817205407318625e+02
3.104935484866587103e+02
3.189441936379928393e+02
3.510497742741935667e+02
3.554447968467742385e+02
3.309003171620968260e+02
3.113102854458871320e+02
2.921792569012984018e+02
2.839613312111685559e+02
3.090651980900516946e+02
3.116586782810465479e+02
2.959928104529419102e+02
2.913935294076477476e+02
2.832541764668829956e+02
2.764287588201947301e+02
2.802858829381752912e+02
2.722572946443577848e+02
2.690315651799220404e+02
2.691284086619298250e+02
2.802155677957368880e+02
2.746940110161632447e+02
2.642246099145469316e+02
2.638021489230922043e+02
2.759219340307829498e+02
2.973297406277046662e+02
2.850967665649342280e+02
2.760870899084408165e+02
2.669783809175967235e+02
2.722805428258370739e+02
2.540524885432533608e+02
2.431472396889280390e+02
2.593325157200352464e+02
2.873992641480317616e+02
2.766593377332285968e+02
2.744934039599057769e+02
2.655440635639151878e+02
2.494896572075236634e+02
2.410406914867712942e+02
2.509366223380941676e+02
2.948429601042847708e+02
2.798586640938563050e+02
2.673727976844706973e+02
2.576355179160236730e+02
2.758719661244213057e+02
2.822847695119792206e+02
2.760562925607813440e+02
2.934506633047031983e+02
2.946055969742328671e+02
2.801450372768096031e+02
2.666305335491286428e+02
2.599674801942157956e+02
2.484707321747942217e+02
2.781236589573147739e+02
2.953112930615833420e+02
2.807801637554250078e+02
2.762021473798824900e+02
2.685819326418942410e+02
2.917237393777048169e+02
2.905513654399343295e+02
2.819962288959409307e+02
3.087966060063468490e+02
3.319169454057121698e+02
3.112252508651409357e+02
2.941027257786268478e+02
2.856924532007641915e+02
2.786232078806878008e+02
2.647608870926189866e+02
2.867847983833570993e+02
2.851063185450213950e+02
2.690956866905192442e+02
2.591861180214673368e+02
2.407675062193206088e+02
2.376907555973885451e+02
2.474216800376497076e+02
2.606795120338847482e+02
2.521115608304962734e+02
2.699004047474466574e+02
2.689103642727019974e+02
2.660193278454318033e+02
2.684173950608886230e+02
2.580756555547997664e+02
2.727680899993197841e+02
3.089912809993878113e+02
3.010921528994490473e+02
2.784829376095041766e+02
3.041346438485537647e+02
3.232211794636983768e+02
3.098990615173285619e+02
2.909091553655957227e+02
3.078182398290361448e+02
3.320364158461325133e+02
3.248327742615192619e+02
3.138494968353673471e+02
3.014645471518306294e+02
2.933180924366475892e+02
2.819862831929828531e+02
2.757876548736845734e+02
2.612088893863161161e+02
2.695880004476845215e+02
2.631292004029160694e+02
2.553162803626244681e+02
2.572846523263619929e+02
2.480561870937258107e+02
2.437505683843532438e+02
2.363755115459179308e+02
2.407379603913261406e+02
2.556641643521935237e+02
2.780977479169741855e+02
2.957879731252767783e+02
3.022091758127490948e+02
3.054882582314742194e+02
3.019394324083268089e+02
2.967454891674941564e+02
2.765709402507447408e+02
2.584138462256702837e+02
2.810724616031032497e+02
2.849652154427928963e+02
2.809686938985136067e+02
2.693718245086622574e+02
2.669346420577960544e+02
2.612411778520164489e+02
2.491170600668148154e+02
2.427053540601333452e+02
2.399348186541200221e+02
2.349413367887080142e+02
2.584472031098372327e+02
2.616024827988535435e+02
2.604422345189682346e+02
2.693980110670714225e+02
2.814582099603642860e+02
3.053123889643278517e+02
3.212811500678950551e+02
3.311530350611055837e+02
3.395377315549950481e+02
3.310839583994955433e+02
3.464755625595460060e+02
3.218280063035913940e+02
3.216452056732322831e+02
3.014806851059090604e+02
3.023326165953181430e+02
3.270993549357863230e+02
3.168894194422077248e+02
3.012004774979869808e+02
3.095804297481882941e+02
3.016223867733694988e+02
3.134601480960325830e+02
2.921141332864293076e+02
2.894027199577863598e+02
2.999624479620077295e+02
3.074662031658069736e+02
2.947195828492262990e+02
2.752476245643036918e+02
2.722228621078733113e+02
2.615005758970859802e+02
2.658505183073773992e+02
2.542654664766396593e+02
2.603389198289756905e+02
2.663050278460781328e+02
2.606745250614703195e+02
2.576070725553232705e+02
2.428463652997909605e+02
2.440617287698118787e+02
2.271555558928307050e+02
2.214400003035476345e+02
2.257960002731928739e+02
2.497164002458735865e+02
2.592447602212862421e+02
2.823202841991576406e+02
2.735882557792418766e+02
2.582294302013176548e+02
2.489064871811858950e+02
2.590158384630673254e+02
2.521142546167606042e+02
2.974028291550845324e+02
2.906625462395761019e+02
3.055962916156184974e+02
2.870366624540566818e+02
2.898329962086510250e+02
2.893496965877859566e+02
2.894147269290073723e+02
3.024732542361066407e+02
2.857259288124959653e+02
2.986533359312463745e+02
3.057880023381217711e+02
3.232092021043096111e+02
3.243882818938786841e+02
3.189494537044908498e+02
3.320545083340417705e+02
3.278490575006376275e+02
3.125641517505738989e+02
3.128077365755165147e+02
3.220269629179648518e+02
3.263242666261683667e+02
3.171918399635515584e+02
3.284726559671964310e+02
3.451253903704767936e+02
3.336128513334291483e+02
3.067515662000862449e+02
3.030764095800776090e+02
3.482687686220698424e+02
3.499418917598628695e+02
3.884477025838766053e+02
3.601029323254889505e+02
3.475926390929400895e+02
3.373333751836460692e+02
3.191000376652814907e+02
3.166900338987533701e+02
3.340210305088780274e+02
3.241189274579902531e+02
3.462070347121912164e+02
3.315863312409721289e+02
3.279276981168749217e+02
3.241349283051874295e+02
3.182214354746686809e+02
3.608992919272018298e+02
3.518093627344816809e+02
3.361284264610335413e+02
3.245155838149302099e+02
3.105640254334372230e+02
3.230076228900935007e+02
3.117068606010841449e+02
3.215361745409757646e+02
2.958825570868781938e+02
2.837943013781903687e+02
2.779148712403713262e+02
2.716233841163341935e+02
2.699610457047007799e+02
2.574649411342306848e+02
2.552184470208076164e+02
2.776966023187268320e+02
2.769269420868541829e+02
2.957342478781687305e+02
2.886608230903518688e+02
2.717947407813167047e+02
2.591152667031850569e+02
2.562037400328665626e+02
2.720833660295799064e+02
2.783750294266219498e+02
2.750375264839597662e+02
2.705337738355638066e+02
2.604803964520074260e+02
2.569323568068066947e+02
2.627391211261260651e+02
2.714652090135134586e+02
2.798186881121621354e+02
2.768368193009459333e+02
2.521531373708513399e+02
2.674378236337662429e+02
2.596940412703896186e+02
2.447246371433506624e+02
2.482521734290156132e+02
2.459269560861140462e+02
2.428342604775026530e+02
2.680508344297523990e+02
3.002457509867771250e+02
2.837211758880994239e+02
2.653490582992894815e+02
2.468141524693605504e+02
2.436327372224245096e+02
2.367694635001820700e+02
2.245925171501638715e+02
2.341332654351474787e+02
2.497199388916327223e+02
2.407479450024694643e+02
2.281731505022225122e+02
2.408558354520002638e+02
2.372702519068002402e+02
2.245432267161202162e+02
2.350889040445082117e+02
2.250800136400573876e+02
2.295720122760516517e+02
2.536148110484464837e+02
2.512533299436018410e+02
2.326279969492416626e+02
2.143651972543175077e+02
2.214286775288857712e+02
2.142858097759971940e+02
2.118572287983974718e+02
2.116715059185577275e+02
2.205043553267019547e+02
2.284539197940317763e+02
2.456085278146286157e+02
2.415476750331657456e+02
2.553929075298491682e+02
2.588536167768642144e+02
2.914682550991777816e+02
2.758214295892599921e+02
2.617392866303339929e+02
2.475653579673005993e+02
2.463088221705705507e+02
2.336779399535134871e+02
2.283101459581621384e+02
2.874791313623459246e+02
2.747312182261113662e+02
2.922580964035002467e+02
2.740322867631502390e+02
2.741290580868352436e+02
3.077161522781517533e+02
3.409445370503365780e+02
3.603500833453029486e+02
3.733150750107726594e+02
3.859835675096953764e+02
3.728852107587258615e+02
4.090966896828533095e+02
4.311870207145680070e+02
4.170683186431112404e+02
4.478614867788000993e+02
4.460753381009200780e+02
4.554678042908280986e+02
4.339210238617453115e+02
4.040289214755707690e+02
3.726260293280137148e+02
3.613634263952123433e+02
3.542270837556911260e+02
3.588043753801219964e+02
3.524239378421098081e+02
3.561815440578988614e+02
3.430633896521089810e+02
3.307570506868980829e+02
3.141813456182082973e+02
3.032632110563874903e+02
2.924368899507487640e+02
3.086932009556738876e+02
2.858238808601064989e+02
2.657414927740958319e+02
2.736673434966862715e+02
2.648006091470176671e+02
2.568205482323159003e+02
2.446384934090843046e+02
2.386746440681758656e+02
2.408071796613582762e+02
2.412264616952224401e+02
2.391038155257002131e+02
2.391934339731301975e+02
2.532740905758171834e+02
2.529466815182354651e+02
2.526520133664119214e+02
2.763868120297707378e+02
2.617481308267936697e+02
2.595733177441143198e+02
2.566159859697029333e+02
2.584543873727326400e+02
2.536089486354593703e+02
2.477480537719134475e+02
2.484732483947221056e+02
2.591259235552498694e+02
2.557133311997248768e+02
2.761419980797523976e+02
2.590277982717771579e+02
2.911250184445994478e+02
2.830125166001395201e+02
2.717112649401256022e+02
2.670401384461130192e+02
2.758361246015017514e+02
2.747525121413515876e+02
2.942772609272164459e+02
2.963495348344948184e+02
2.797145813510453536e+02
2.757431232159408410e+02
2.741688108943467341e+02
2.712519298049120380e+02
2.626267368244208456e+02
2.483640631419787610e+02
2.480276568277809019e+02
2.572248911450028572e+02
2.805024020305025942e+02
2.844521618274523007e+02
2.640069456447070593e+02
3.066062510802363477e+02
2.974456259722127243e+02
3.347010633749914632e+02
3.222309570374923169e+02
2.995078613337431079e+02
2.900570752003687858e+02
2.880513676803319072e+02
2.982462309122986994e+02
2.839216078210688465e+02
2.755294470389619619e+02
2.889765023350657884e+02
3.110788521015592210e+02
3.099709668914032932e+02
2.964738702022629582e+02
3.358264831820366680e+02
3.152438348638330012e+02
3.042194513774497295e+02
3.192975062397047736e+02
3.178677556157343247e+02
3.160809800541608752e+02
3.064728820487447933e+02
2.968255938438703083e+02
3.006430344594832604e+02
2.860787310135349344e+02
2.824708579121814296e+02
2.942237721209633037e+02
3.148013949088669960e+02
3.148212554179802964e+02
2.988391298761822554e+02
2.814552168885640526e+02
2.898096951997076758e+02
2.813287256797369196e+02
2.821958531117631992e+02
2.879762678005869247e+02
3.156786410205282323e+02
3.086107769184754375e+02
2.967496992266279108e+02
2.890747293039651140e+02
2.881672563735685912e+02
2.888505307362117378e+02
2.829654776625905583e+02
3.011689298963315196e+02
3.090520369066983903e+02
3.191468332160285399e+02
3.307321498944256746e+02
3.511589349049831412e+02
3.615430414144848328e+02
3.693887372730363836e+02
3.864498635457327396e+02
3.948048771911594486e+02
3.808243894720434923e+02
3.587419505248391260e+02
3.698677554723552134e+02
3.688809799251196750e+02
3.844928819326077019e+02
3.725435937393469317e+02
3.477892343654122556e+02
3.570103109288710357e+02
3.493092798359839435e+02
3.418783518523855491e+02
3.296905166671469942e+02
3.092214650004323175e+02
3.037993185003891199e+02
3.424193866503501908e+02
3.406774479853151547e+02
3.416097031867836336e+02
3.324487328681052531e+02
3.457038595812947506e+02
3.566334736231652869e+02
3.479701262608487582e+02
3.321731136347638653e+02
3.329558022712874958e+02
3.211602220441587292e+02
3.315441998397428733e+02
3.223897798557686087e+02
3.116508018701917422e+02
3.074857216831725850e+02
3.087371495148553322e+02
3.358634345633698217e+02
3.162770911070328452e+02
3.211493819963295664e+02
3.015344437966966211e+02
3.048809994170269420e+02
2.933928994753242705e+02
3.135536095277918776e+02
2.996982485750127125e+02
3.157284237175114754e+02
3.101555813457603108e+02
3.016400232111843138e+02
3.049760208900659109e+02
3.284784188010593198e+02
3.226305769209533878e+02
3.138675192288580433e+02
2.894807673059722219e+02
2.875326905753749998e+02
2.887794215178375339e+02
2.689014793660537634e+02
2.925113314294484326e+02
2.822601982865036234e+02
3.055341784578532724e+02
3.359807606120679679e+02
3.338826845508611996e+02
3.524944160957750796e+02
3.692449744861975773e+02
3.603204770375778025e+02
3.467884293338200337e+02
3.701095864004380473e+02
3.545986277603942654e+02
3.316387649843548502e+02
3.109748884859193936e+02
2.948773996373274713e+02
3.073896596735947355e+02
3.106506937062352449e+02
3.010856243356117261e+02
3.044770619020505364e+02
2.980293557118454828e+02
2.997264201406609345e+02
2.912537781265948524e+02
2.836284003139354013e+02
3.037655602825418555e+02
2.948890042542876699e+02
2.894001038288589029e+02
2.719600934459730297e+02
2.947640841013757154e+02
2.877876756912381779e+02
2.695089081221143488e+02
2.740580173099028798e+02
2.716522155789126032e+02
2.634869940210213599e+02
2.691382946189191898e+02
2.582244651570272822e+02
2.554020186413245597e+02
2.543618167771921037e+02
2.484256350994728848e+02
2.430830715895255878e+02
2.322747644305730432e+02
2.210472879875157446e+02
2.174425591887641644e+02
2.171983032698877594e+02
2.404784729428989749e+02
2.294306256486090945e+02
2.344875630837481992e+02
2.480388067753733878e+02
2.532349260978360519e+02
2.719114334880524666e+02
2.657202901392472540e+02
2.836482611253225059e+02
2.617834350127902781e+02
2.741050915115112616e+02
3.021945823603601298e+02
3.419751241243241111e+02
3.572776117118917227e+02
3.530498505407025505e+02
3.327448654866323068e+02
3.189703789379690875e+02
2.995733410441721958e+02
3.166160069397549819e+02
3.069544062457794666e+02
3.217589656212015257e+02
3.050830690590813674e+02
2.955747621531732534e+02
2.835172859378559451e+02
2.911655573440703506e+02
2.880490016096633212e+02
3.057441014486969948e+02
2.981696913038272783e+02
2.913527221734445334e+02
2.747174499561000971e+02
2.557457049604900874e+02
2.701711344644410815e+02
2.826540210179969677e+02
2.938886189161972879e+02
2.894997570245775478e+02
2.840497813221198271e+02
2.926448031899078615e+02
2.983803228709170980e+02
2.915422905838253769e+02
2.713880615254428221e+02
2.777492553728985740e+02
2.654743298356087280e+02
2.539268968520478609e+02
2.630342071668430890e+02
2.772307864501588028e+02
2.710077078051428998e+02
2.704069370246286326e+02
2.583662433221658148e+02
2.765296189899491992e+02
2.753766570909542679e+02
2.903389913818588184e+02
2.848050922436729593e+02
2.983245830193056918e+02
2.914921247173751340e+02
2.918429122456376490e+02
2.946586210210738841e+02
2.981927589189664900e+02
2.898734830270698239e+02
3.123861347243628757e+02
3.381475212519266051e+02
3.283327691267339787e+02
3.289994922140605809e+02
3.465995429926545057e+02
3.364395886933890552e+02
3.457956298240501383e+02
3.327160668416451585e+02
3.414444601574806484e+02
3.508000141417326176e+02
3.532200127275593786e+02
3.473980114548034521e+02
3.411582103093231240e+02
3.280423892783908286e+02
3.037381503505517344e+02
3.003643353154965894e+02
